Eigvals	42
0.6956896083238654	0.4423864733951771	0.3967474629285918	0.27434051500296813	0.2075548498904434	0.19712666715685329	0.1819255220127888	0.1568143516570027	0.14302270734849118	0.14205225901304577	0.1259744598607568	0.12108519439363659	0.11265140552134605	0.10957429145246131	0.10651955972656596	0.10334728228446459	0.0984247209763241	0.0969671334898351	0.08933913375877917	0.08515848892872815	0.0823012962098315	0.07560459161350919	0.07146442791495461	0.06677540614171323	0.06525519174984779	0.059381007328261085	0.05552029185797551	0.055202036679163125	0.05198272604163189	0.04966017409408335	0.04718125941914146	0.04397162279651348	0.04152672109036453	0.04095458363839741	0.03656475777834441	0.03350145678645979	0.03088498828319166	0.02894741030784252	0.02600391552789785	0.01998656279271523	0.016355269396202948	0.0

Proportion explained	42
0.1423922164720174	0.09054668882541866	0.081205396702939	0.05615141225619957	0.0424818694455167	0.04034745197622505	0.037236115075288435	0.03209641604516834	0.029273572670212508	0.029074943442749156	0.02578417493062186	0.024783450845550805	0.02305724151826784	0.022427424589334	0.02180218882905635	0.021152894070531354	0.020145355066068876	0.019847019270306313	0.018285737089349312	0.01743005191522764	0.016845248003736688	0.015474581259373347	0.014627181674069022	0.013667443027137039	0.013356288894345092	0.012153973767387298	0.0113637710298385	0.011298631260934984	0.010639709851580522	0.010164335035389677	0.009656956240613052	0.00900001488731775	0.008499597792065267	0.00838249395877885	0.007483994072248802	0.006857004373486017	0.006321471364149861	0.005924892172515753	0.005322424145287414	0.004090805643293446	0.00334756051040241	0.0

Species	0	0

Site	42	42
SRR37250088	0.09547646497828613	-0.10297163760269522	-0.13937965346026437	-0.07116702917515025	-0.026571006849726457	0.1242867421342881	-0.040489981248409246	-0.04757429869878209	-0.020736284113398458	0.03654700244738606	0.029673261575226432	-0.0018203461703808505	-0.06556712660909356	-0.014088438901101837	0.008216458101073878	0.0263619891829599	-0.04920664151466447	0.06894598185899276	0.027845965988691462	-0.01645147775753566	0.057861179310086545	-0.07477326122026073	0.028843086263730548	-0.015791823997032623	-0.03334537423934341	-0.03152903834616513	-0.038238245544477065	0.024278326454642587	-0.006798288122135996	-0.03512384195136621	-0.020365860888078464	0.048383537898145465	0.08941449911410335	0.03818080968941153	-0.042741732476916386	-0.016214611119108262	-0.004142279692269571	-0.02887858596652332	0.006038849325313669	0.0031090426660457765	-0.01179381265834734	0.0
SRR37250089	0.0200878863338208	-0.15039943780077264	-0.08503099841337472	-0.002419781847068102	-0.035761546038468685	0.03152060836904852	-0.011958964270588422	-0.08228316504446731	-0.027626222995722354	0.037736975767455244	0.014387643609226885	-0.005723762289208687	-0.004666137330848099	0.006282206723741259	-0.006569671785064519	0.009864144114128557	-0.023603190847757128	0.06900805066882419	-0.03668048257350262	0.023465481408643532	-0.030819626723370984	-0.04944258720901105	0.036747154750259796	0.015403377179086193	0.04113157414849997	0.002482426059393662	-0.04968682761396607	-0.00024254965285916576	0.04218037770671681	0.056907786942717545	0.006684341123344979	-0.09545416608958428	-0.008768180199235831	-0.033189311575598096	0.029343296830300035	-0.04547702982217391	-0.04551238884010918	0.053570690960795884	-0.011102624660669799	-0.019007075745391466	-0.01152840565516632	0.0
SRR37250090	-0.14574880895495904	-0.044220792319399356	-0.008290324408660546	0.23678046922852497	-0.03477309129043529	0.026043202985086136	-0.22182657859939833	0.04558862181998504	-0.10529816402550757	0.03548999200494665	-0.03721840905210576	0.03096976024558829	-0.06544984184448162	0.04354250939739703	0.09168326000072358	-0.06327038951877655	0.05244484912194875	-0.019372357836684465	0.015046007886460218	-0.009255899426305364	0.0018539772147966567	0.0036953269578331796	-0.004309812944860122	-0.016589728328115703	-0.04360033716230053	-0.03869203734251326	0.011959325934263331	-0.0277858889064529	0.024430344715368892	0.02294067299746725	0.0023647096640544325	0.013245907875110999	-0.02571632754044149	0.005312317918737649	-0.01491251249986449	-0.004323193966513061	-0.007342518080273537	0.003566954071984196	0.006619444299853814	-0.004851672331508851	0.0010051283603823141	0.0
SRR37250091	-0.027947064283960793	-0.10361466115986959	-0.10410130840052206	0.00963666202350063	-0.0625778514184379	-0.06339236351369591	-0.0015831672794238676	-0.04718441286849245	0.0017710823593025515	0.02089958708747729	0.00402791351780656	-0.002034168155945249	0.08608578862214118	-0.01626747995732213	-0.040899422735986776	-0.04538880540922145	-0.017981201219716764	-0.02608863562287185	0.0313495007470705	-0.013087247816680025	0.02007707840046313	0.008231653905627285	-0.009353239170764107	0.014157131185654405	0.027899052768382327	-0.007645777785749995	0.024833714879202804	-0.09015405068787265	-0.001257851336573381	-0.04063995458778948	0.04428635386756482	0.053175562945726014	0.0291363894797808	-0.025511894576339584	-0.017570684217114763	-0.01908395273632153	-0.03023382173355792	0.03184926954966089	-0.05515652957514713	0.01607129236584448	0.05251583811881691	0.0
SRR37250092	-0.06027898733153848	-0.1183402880282953	-0.10742397146996871	0.04818591844141633	-0.09843863775727753	-0.04986081751369322	0.060116950475903846	0.03727336328849858	0.024726385916847695	0.02915657029341318	-0.02512876761666046	-5.99045820784701e-06	0.01010871479251792	-0.02274421555986699	0.006693893979965756	-0.04097032568603762	0.011543142834090232	-0.06891314357737985	0.007847980818955325	0.03433957535581676	-0.01480926718622599	-0.002053124339974957	-0.008493988331393627	0.029666203443436717	-0.001755336458075401	0.06329180795911674	-0.0276332993360961	0.04147316713554588	-0.0004991169249703973	-0.005532067194087127	-0.07058954696909588	-0.02495639744792198	0.0097859209350357	0.060601881636497476	0.015471799091693257	-0.008472866457990579	-0.020912581769789742	-0.014280814239108567	0.06351929307107215	0.0032392426527087952	0.05486135353485437	0.0
SRR37250093	0.3263611213521146	0.018366419906237823	0.10072455800053437	0.08181578639331454	0.00688542678396117	0.008982045080885575	0.02712072535613612	0.07014139371062499	0.010363556918979007	0.026200811289758666	-0.11283900797575575	0.02003212346609869	-0.05626696158565427	0.008298761485137912	-0.08478146372286634	-0.07798397852459996	0.009466834821340153	0.10097322162624124	-0.028635147348988643	-0.036578764627202304	-0.013321594627567617	-0.008119933486665926	-0.023603795033069194	-0.017986258149640624	0.06291157523472884	0.025827988668959776	0.04030970084794018	0.04122522479740799	0.038003756648484543	0.026351150069486823	-0.029976047062520335	0.05455629931501243	0.011379212798940833	0.01029837831702179	0.02399873196010667	-0.007941159390217013	0.013012047728991461	0.02275553696868584	-0.015295197071081545	0.010746210812123805	0.006683781963911175	0.0
SRR37250094	0.31812839209322047	-0.022965314484276408	0.09221188122787369	0.09369135292864463	0.029498675854505135	-0.039204865586142196	0.011403263843514474	0.037646686228182055	-0.014328939914747523	0.025314864518182847	-0.05406133767963104	0.01079849090778328	-0.01239043151185097	-0.03564432795269401	-0.06803077321011568	0.03337071136384452	-0.009590772279794175	-0.04004297865294904	-0.009638193890850815	0.008157360908792924	-0.013183352899214443	-0.04422319452293245	-0.005808682376286231	0.03365193404513483	-0.05826625370866139	0.04085500248800298	-0.022116803714892788	-0.04780409007161508	-0.03920598913805747	0.011717371080473932	0.05378886082630384	-0.0636955810496493	-0.008891910389124172	-0.0031857260016039616	-0.08762525349213131	-0.018528208918669065	0.020341959457330555	-0.01912964744637464	0.00962184949618789	0.021577078934154822	-0.0036397398117701692	0.0
SRR37250095	-0.05950666464644745	-0.10398671787715591	-0.03979629523202089	0.012675298538571833	0.002055449194402828	-0.03028486641854894	0.07789639858370968	0.022594891104136018	0.01906535309895295	-0.050710683859954565	-0.04103087885747533	-0.07027545644458429	0.06591941123087827	0.017098017878737232	-0.020656860927838756	-0.01628141334893368	-8.066402340283877e-06	0.024713396547151007	-0.023204780778867107	0.036649711316894894	0.022688731800496544	0.005968149182732431	-0.0463577425826273	0.00744681891142623	0.004041726015332199	-0.01984145468865808	0.0068003408347175375	-0.0281301390335862	0.014821723986270264	-0.022647971825908945	0.006402508424163188	0.046496557513308986	-0.034994725311145884	0.04562796071274305	-0.05779320678714414	0.016297751983806195	-0.02491671207561436	0.05447636283090846	0.04816225165280378	-0.040057712013396356	-0.05020599862307303	0.0
SRR37250096	-0.12287358508245479	0.0334044916019262	-0.008958237046077304	0.1111496886561419	0.054205517478338607	0.043859008315778006	0.026144254807027402	-0.06489179558914356	-0.05931700589944174	-0.0234028901620498	0.027842249869055338	0.046655166291409915	-0.0020650375825793637	0.06667525609532178	-0.04506869078793633	0.03484880956969462	0.0703402639409121	-0.003844996834052036	0.04520179568675914	0.027589230348362782	-0.03576399792818739	0.0027335891527739435	-0.014766382852435894	-0.0010513271084280568	0.09792516068962456	0.03027799517103828	0.03629441760440689	0.04796395115515058	-0.038066421969474996	-0.08249142281843654	-0.004770409649071685	-0.0004897386734756632	-0.006118360185023748	-0.04117103886185519	-0.023510483638514004	-0.060533637412077027	-0.014887674862244125	-0.02852231304194393	0.016304303822674795	0.007492458547584711	-0.017615945715744086	0.0
SRR37250097	0.3278270681268206	0.024117009295771125	0.029147336637382056	0.050662028253517816	0.007079294275512713	0.02773439851997244	-0.02078326006659402	-0.03086965115581671	0.050615864550129765	0.0023668761212308712	-0.023128759114607288	0.014545295859170233	-0.014079910696108902	0.014963338004040498	0.01835602168260596	0.027941818595503234	-0.007134270782016229	-0.002969011252664639	-0.012616862962780553	0.07941708548461299	-0.02234828740110081	0.07581940237777371	0.02286251062587713	0.09185533632668356	-0.06614307430767387	-0.06385180170224357	0.022973735634191434	0.02108601597949308	-0.02221754040239334	-0.05063620363680217	-0.004574176575553912	0.00829177288731733	0.012164942375436688	-0.036827409535903535	0.04355323021411641	0.03046740700118655	-0.059855532571623724	-0.005721128987049989	0.0048117597208195174	-0.017184523456008766	0.0015748481540961816	0.0
SRR37250098	0.16960997909527542	-0.0742525112138642	0.20631965546549585	0.08309917513917975	0.08138518153652793	-0.004253665863468385	0.02378150360691213	0.02757931312059704	-0.009622972574467606	0.0005261198804547826	0.1428403348616888	0.016283363391466802	0.021050841848973	0.003232550597032825	0.05574185172983941	0.001837497198540424	-0.09471567631891789	-0.052385021055130446	0.03591733319067786	0.10459632456939227	0.07285124006698232	-0.03224952732476386	0.0003860689339098791	-0.08847302638739371	0.020936937943093703	0.025264870957543904	-0.005372953440204283	-0.007166944716925249	0.027108084812489733	0.006800322632076292	-0.003435792648060677	0.024019931751653695	-0.004228239346876529	-0.021766448034891448	0.02267871257318106	0.0010479529381020687	0.007176517608150095	0.012904473088134697	0.016124731439212673	-0.0020936502139776883	0.007004155869746821	0.0
SRR37250099	0.34006182423995934	-0.03321949971770573	0.07236247029255408	0.03699807349991724	-0.07012049275405999	-0.05237748293764556	-0.037218038186849114	-0.06570875863286686	0.017843506360993806	-0.06585435739196863	0.06607595788030912	-0.07050444656861714	0.07964530131678592	0.003269181991814044	0.08627088979949306	0.017771826023963825	0.08597249303580423	-0.032422308662945334	0.029227349403890397	-0.13735801742623432	-0.021548892582841952	0.008455503754755704	-0.034236520006236684	-0.01990762303592012	0.039760168510429975	-0.020573891385310655	-0.05024496331454153	0.011914078468793499	-0.006235252295986462	-0.01328075991161679	-0.010846756490114774	-0.013785798843239046	9.815850872267998e-05	0.029791206452315096	0.01210923507218014	-0.0002987878072032186	0.005232578382772267	-0.0081146846062865	-0.009836048167788658	-0.00983051183998	-0.008894189701286293	0.0
SRR37250100	-0.008705150447373064	0.11661582526338089	0.03975677481166457	-0.13179571709545973	-0.010641654208815927	-0.0029644439047581137	-0.05338547511294542	0.047133724918122316	0.01871760950823899	0.17916345315234614	-0.059115712902112594	-0.034469660764769226	0.06331484603755662	0.006114623730326405	0.051598054212380194	0.09964589429754263	0.10498837055002971	0.013281822957083116	-0.037814140116024554	0.07308839703128854	0.014386151806095211	-0.048801417801236174	-0.0666346526163102	-0.03983614665287568	0.03748498792600222	-0.006165822584143104	0.02358463177270721	-0.010706510720447435	0.02958172423902071	-0.00695281176372801	0.0084779681729528	-0.017327489337920242	0.02165488739524143	0.0002251709286357792	-0.004424590659427029	0.0257403243162022	-0.013667109384215356	-0.016894721036413436	-0.0033169106301265973	0.0013864450032036407	0.007811895216145287	0.0
SRR37250101	-0.13818348229289615	-0.04617877053686068	0.0767213575774259	0.09141394557227549	0.06622960222457552	0.030717751179547045	0.06184872665848259	-0.04008684822085465	-0.015940158764647154	-0.04408535592311074	0.011104182257315803	0.024400515845752237	-0.009108413167226687	0.08860008860127438	0.00048346499936753915	0.06134540810084867	-0.04914925595858846	0.05759324941055314	0.025872198060722322	0.006407155063735574	-0.017100837880881122	0.000919440862724941	-0.033270365873557445	0.039494381968518566	0.03696849884732675	-0.05983349241904074	0.014415466332714044	0.024030892675445656	0.0022119133372384306	0.02006145860358084	0.06616807785146346	-0.039940734028589144	0.014815489494715565	0.08727399518986989	0.00023198140860145508	0.05108882293538554	0.021056204589410876	-0.002582664954306704	-0.014123688055106854	0.004263682497168101	0.0355090908639415	0.0
SRR37250102	0.025800005784877355	0.1410368956840096	-0.11248118567399236	0.0005935251619182939	0.015923075667631487	0.0024223728177044414	-0.014313764163759058	-0.07806508731798076	0.06254497952129667	-0.12204523860251255	-0.0261350534499003	-0.01583176141313095	-0.030770194845626108	0.041801537046404706	-0.0793129028149083	0.049067706550356575	0.02718354704757849	-0.11738142541866674	-0.007546832125839197	0.01712205992113118	-0.02035258642395981	-0.08562444915246005	0.00019369261692325226	-0.0706626080749858	-0.063212739162927	-0.03692496309772542	0.06650387240226052	0.0008341763744028999	0.028638593786471628	0.017948158937096226	-0.03198161728765622	-0.010525561436602084	0.006846224551898937	0.02316239421221687	0.01839914963519903	-0.01742175205364171	0.0013839650910055829	0.029026718780803686	-0.01204920180026961	0.006690813148466909	0.002571758712949509	0.0
SRR37250103	-0.01576960655974993	6.681296041218923e-05	-0.019387325888992765	0.011051730017632674	-0.06313215576580986	-0.04228673862814341	0.05561207026582907	-0.10242052479284372	-0.0634971001474492	0.03953758129769282	-0.009255416678403532	0.03238797994211566	0.01542005067835045	-0.07803815578950334	-0.043504045183000856	-0.05059003796883632	0.01344339373076124	-0.03512366359807759	0.0008245111435086034	0.062379611226904996	-0.02960044092174679	0.0046939567687459514	0.01308429564966638	-0.04335802442505483	0.029957752616145993	-0.06866325707185615	-0.027765954891875503	0.05094329457332236	-0.05771178232190804	0.06947135750714116	-0.038433171678470504	0.021250044293482647	-0.02387941850863953	-0.023449397143768702	-0.045032273073552315	0.051205981550304265	0.013987946771809895	-0.023672121109820643	-0.032469833767044244	-0.023555114555789496	-4.568321420205484e-05	0.0
SRR37250104	-0.042244934156941694	0.027051326563174383	-0.03604327185146932	0.02836878853446056	0.017793976822027453	0.01799429152754779	0.14259298217319674	-0.06206812868871952	-0.041976876691183926	-0.026999880520542124	0.02040689219678128	0.12598486686627564	-0.005258666217160474	-0.0918231854783143	0.019033798755686053	-0.0407965961485799	0.09927267303089403	0.07477370164869412	0.00018337681534097425	-0.031713885301123956	0.10489565213538343	-0.005733336652560643	-0.07345607102854369	-0.01938812080155114	-0.07864659408666656	0.011495420468948558	0.016203000780251404	-0.022152818650453668	-0.0031596218133337966	-0.014998757229857067	0.008362229630661305	-0.03558431396926431	-0.0019317840888026603	-0.012817482533069014	0.03663658792009049	0.011682525849286632	0.0007941371249466416	0.0042025335460830395	0.006145990310806687	-0.0016656354343260289	-0.001450133389051324	0.0
SRR37250105	-0.142580727377699	-0.04930268307840361	0.23119354690858254	-0.07439218612069019	0.03033271478743124	-0.031558584119848854	-0.048499202807298636	-0.09317079961038918	-0.048023760127642236	0.0654978062720772	-0.0012649371660321588	0.018489337951351124	-0.000988629031121398	-0.12025680444539119	-0.009436981004948818	0.08692393084327	-0.004816973264497552	-0.021382850273505373	0.03451385935592962	-0.0024659750811037266	-0.04398982180116324	0.036360507954835426	-0.019188519165690268	0.05780587603769785	-0.042133146761356134	0.011127684136508437	0.008716183380922763	0.02143419585310179	0.007333983589312218	0.018021028662676627	-0.01373105723894118	0.05135238656065394	-0.010409705139713874	0.04565110839995823	0.02212348141111909	-0.05300042724342695	0.01441430388127308	0.036732139254535806	-0.003926699820526888	0.016671062657228612	-0.012835686513171081	0.0
SRR37250106	-0.17425776500793227	-0.12868976443601043	0.015039003052637093	0.09093197303870557	-0.035234479895754726	-0.0673888443061779	-0.059554757952453956	0.021575407896773514	0.09281788694560407	-0.024206717965210064	0.0026780995901708993	0.006075506869171834	0.03441831257102105	-0.018340114481788197	0.007230293030223454	0.015933487390339292	-0.0126993076676353	-0.011841766725592411	-0.04687519904447404	-0.024392437221003507	0.005539529351612132	0.03334394669236047	-0.011137187325225518	0.0018908564072362805	0.010047083977237012	0.013678232282172178	0.04502075085511782	0.02590391678012522	-0.04066851260857804	0.03792050154664218	-0.0004574982499223251	-0.021245234836301672	0.11766114722989741	-0.05612764560004221	0.0012640136285170709	0.025376420713317558	0.034272139024667886	0.023645397380996	0.021952650309531887	0.012015752281972188	-0.026535582198276036	0.0
SRR37250107	0.011000511387713479	0.07886194977612308	-0.07475287128161354	-0.010384608048666125	-0.06287944803793553	-0.04245397836775116	0.01840101880713296	-0.06624221493930514	-0.061458466504712886	0.009147869489645822	-0.0061409591305123246	-0.018343225839127373	-0.038217351799162046	-0.00909965125784111	-0.073035622617129	0.007048678891771812	-0.013588861680789488	-0.018120332968319865	0.06351218383133443	-0.003952824317169577	-0.04590812156227478	0.024898017109970846	0.0044787801897746	0.0129032340825218	0.02536160854435444	-0.005447727937028026	-0.03419961897529923	-0.0638184919110393	0.10548485526452489	0.002229146361496132	0.034584569702141514	0.017422387698836295	0.01903509218593105	-0.033556401870702815	0.03773499067797368	0.0410738925836547	0.03285905841420864	-0.03801658118260266	0.05624049099620981	0.010696037220040434	-0.017410546825871526	0.0
SRR37250108	-0.11631391771554317	0.03810556977562579	0.06901857876650679	0.050112853888033625	-0.026962395367402324	0.12099703784084326	0.04629590503083572	-0.09382281881436202	0.13826284013118542	0.13566359734091302	-0.02155244171861514	0.0346463761727645	-0.034998553979899365	0.10127593139701083	-0.018839157075167933	0.01251766411179135	-0.04712966904958634	-0.0776472864401837	-0.04773558897711087	-0.08866898416567337	0.05720102182492992	-0.0029860275216252357	-0.023359252686365847	0.02258436290546536	-0.0008201223320846433	0.02601163275676122	-0.045708236286198654	-0.017006876854197734	-0.012465971695409679	0.0026525165451418854	-0.013160109405332155	0.024368740435829536	-0.04069654303408795	-0.021656336182400832	0.00363177176643836	0.012000394315202948	0.008424791318257989	0.000743423300140147	-0.0028322722716091577	-0.013212725399351682	-0.0036278051600385245	0.0
SRR37250109	-0.03946063744209558	0.08961795727789879	-0.059554654571149314	0.07871281612796623	0.18541641995005123	0.09928255588138482	0.08069897071872148	0.014879818614031948	0.007638401322568311	0.06411826322250827	0.009528602971464956	-0.06425279529737969	0.10695510474198788	0.02642450302454292	-0.007020351021522019	-0.0080664989111489	0.04211179306445195	0.045174725277159995	0.005736362290001571	-0.013730740277683319	-0.05888727376985019	0.08959026679824074	0.0752568396407961	-0.05945901090973505	-0.0553720185566222	-0.0035031745622996053	-0.0317923030189267	-0.034918284242746844	-0.004396289714038891	0.03553744866456881	-0.024842730913966778	0.0053946348798133	0.0277576817855683	0.008146359804957416	-0.003336546772401985	-0.023067723262983748	0.007637112318815559	0.00019134643918090473	0.007575855989773936	0.006408110717438144	0.010360923107787664	0.0
SRR37250110	-0.02246478924442147	0.1391508938300775	-0.06719886758174261	-0.0134784655522158	0.12002433546301786	0.050338823644729816	0.010729504706656675	-0.007304253034229669	-0.05968220249868416	0.04147807247132087	0.018630690772661797	-0.07896076437527914	0.032654941271168435	-0.07527311320844715	0.06712091351789413	-0.10948662881365326	-0.1016622202122244	-0.03282652803746688	-0.05791457775662337	-0.05327286847638781	-0.06772345506455503	-0.08818747397928234	-0.05140298913871688	0.04039505628722311	0.010439463580464447	-0.023113455031990787	0.047771540219650965	0.017099435843965782	-0.02396443276953793	-0.02091621785261132	0.016571955828058392	-0.006698469919094646	-0.006292745179397591	-0.014486983161764604	0.019406211023171405	0.0028065909138433385	0.0006696013784775031	-0.0065642737008678445	0.019924489376822133	0.005466788410781052	-0.0009805741056581082	0.0
SRR37250111	-0.1152772974184644	0.12804650931878414	0.036153314214305864	0.040456563055343536	0.06428086477327644	0.01658174980550101	-0.0850442175962201	-0.0005276877835608436	0.21288731733250363	-0.0468930368827698	0.05158868031522117	-0.014085067924166585	-0.08905868590778754	-0.12493283469527455	0.001207679503948822	-0.053658595508165846	0.04419042991711614	0.04833630537055391	0.03617118940648285	0.04439772805118386	-0.019586735008915473	-0.01501237883357614	0.02041694310799015	0.015938465708136913	0.058514434520091474	0.00048534781067770017	-0.034526983421089404	-0.048321522876920306	-0.005437325263783694	-0.015061347649306467	-0.005010938530649917	-0.011753639700736566	-0.012776883813759174	0.02280987846954324	-0.013409768821005311	0.010754277309381667	-0.008084121202023889	-0.0028176519088070114	-0.007257510380552376	0.0026729616236393695	0.0005164514460630204	0.0
SRR37250112	-0.11178043068935856	0.0006297999030527982	0.13552051593964395	-0.07271628098624414	0.08367105470108135	-0.08338638879399589	0.005825517932649824	-0.006352777357244115	-0.02978234125783895	-0.018309717570955276	0.021501717059516735	-0.07188311250897678	-0.05847225598491363	0.02148015735008566	-0.00232746710752887	-0.00012813733042009472	0.01576607124125333	0.026216113085143773	0.03482150514408818	-0.05760698889691352	-0.007473886337438276	-0.01296682449429106	0.02305084754180634	0.017767693641905547	-0.050467256150103196	0.040137381390328866	0.008950569081381648	0.04691851564216111	0.06667573800011717	-0.03828441945785856	-0.03850252479475928	-0.018575387478105543	0.008393346327720472	-0.05960072948021377	-0.06185210268805818	0.03722118046520994	-0.0031167841063980592	0.01725908399683225	-0.013545422193472212	-0.03966877282320079	0.032324420793524995	0.0
SRR37250113	-0.017718383389603	0.054493601055983096	0.15604194901619725	-0.11215418502553075	-0.009640655287811183	-0.10596449393618469	-0.006152126875859575	-0.06558089168582457	-0.07845836540993993	0.024012046637785032	0.032787396527327935	-0.038907464362795616	-0.04338066143366985	0.08439318425292118	-0.020032564408551355	-0.10211382337249614	0.05013877185098778	-0.009533031244483285	-0.08881746663193119	0.024807026568273733	0.05803482677527698	0.00255590784615389	0.10110446577584885	0.01853664367217788	0.016347832304533755	0.0020802024143549503	0.01545843533035124	-0.04449970438359746	-0.04625369582929828	-0.025674474657404356	-0.005527698837975414	-0.020309225031430463	0.022055749275578677	0.04826703342128828	0.021981010614459562	0.0009254296729258941	0.013703609268500649	0.0018875776941080175	0.0050553522455473576	0.00998106713326472	-0.0116170960979634	0.0
SRR37250114	0.03152981605005803	0.1097386153761167	-0.07993691513290863	-0.08278130906328517	0.017517066752221096	-0.05294070838433218	-0.09286961939270474	-0.019596538246384756	-0.03528580900500625	-0.021319812920151858	-0.07096923721491613	0.03586312354409392	-0.01748243994486971	0.01896134658128942	0.011730616805733477	0.01168844018307838	-0.11625790258766755	0.03488819616520555	2.2764607803613674e-05	0.01035921087496698	0.0023620767570289164	0.09094370709520443	-0.0690846776877249	-0.06608989386303026	0.010100735272592953	-0.006885694518974017	-0.04993186516826777	-0.016325151320050087	-0.028581895152054723	-0.06345267861729804	-0.05901086486931977	-0.05045001452452785	-0.01549071123008119	0.0008343941015190035	-0.008595114474643891	0.005141963838818854	0.023498943239089482	0.03492884016907353	-0.0023754739826353684	0.023295716944205062	0.00260504237765817	0.0
SRR37250115	0.019445069780111048	0.1647070590795797	-0.13121760641857505	0.003461350408134922	0.05463077159860776	-0.028264521507956945	-0.06407977766353472	0.04233971982066429	-0.0009286719350298248	0.029214841501591572	-0.047522651764647525	-0.0001905980047475904	0.044063344769941976	-0.057620143564140726	-0.03444682875449577	-0.0027716778708625858	-0.014374768276934438	-0.05983158808333066	0.047316718766402595	-0.031118076348639966	0.13457313786450104	0.04553652398482349	0.07384977707787949	0.007187223191932864	0.03068900793118056	0.001678444032979107	-0.004053300065332995	0.0939349734841827	0.02151319824672703	0.0017211643170573462	0.07178330986142177	-0.01953651578112999	-0.011233856005628241	0.018937411820998822	0.0047664745237477124	-0.009515238615648347	-0.0025455464696221967	0.012903324011333095	0.00026455845764633535	-0.015347336893078972	-0.004788474130304463	0.0
SRR37250116	-0.0259391019017301	0.0904402899479924	-0.10764962677322693	0.034858493916298514	0.08911448969300224	-0.09122855917553989	-0.015607022896827529	0.0932950958864298	-0.06521605872222588	-0.056623768272885455	-0.019545455701614572	0.038691298619632566	0.026841576885066203	0.02336416010491248	0.007477238897319397	0.1059045747412297	0.009704742907289862	0.02588964111551648	0.016168117288467596	-0.017695546891456807	0.024365488493654087	-0.09052529783080285	0.032449738376836776	0.07434809643485178	0.023162113578048246	0.020596910643563456	-0.05156830150737829	-0.041580780713525	-0.06118572387794414	0.02791241103840052	-0.050332182534503375	0.0476828921293532	-0.010497105872806297	-0.018786402957014472	0.038726152887788065	0.024180612996543192	0.00709380732301035	0.01189200949344095	-0.004892169949034216	-0.009951079570352987	0.0019319613718190131	0.0
SRR37250117	-0.09563427008440771	-0.14723779111506882	-0.0017323132731238327	-0.028242368086289407	-0.007495870828210873	-0.008167247956937728	-0.005077147643642877	0.015682639866506566	0.030058353378047784	-0.05765839779634424	-0.060867433609728815	-0.08810227837470977	-0.02368978483120182	0.01314583507956369	0.000964542809219889	-0.011683233151993017	0.046601963656156174	0.02224062491409021	-0.05077074102229585	0.048913448545479354	-0.020372553566636965	-0.026813278867149834	-0.009109884569552288	-0.0398405562325111	-0.047270087053666164	-0.0026343531165900335	-0.08503475463826202	0.05746527545675866	-0.02959411570443444	-0.04011055158540925	0.08248574488322198	0.03862774261258062	-0.028639061898574233	-0.03605702768166717	0.04430292340582298	-0.01653503216884962	0.04562049149803692	-0.00045459448797362527	-0.0022662049852941965	0.009438550814059638	0.01662321474618826	0.0
SRR37250118	-0.0007556742921630393	0.08030376575871814	-0.04995440695962112	-0.03894895041276695	0.04494215299269736	0.0038745988706159265	-0.021142335848194277	-0.04284583119316608	-0.04399565075058112	-0.11887551706262292	0.014211384959057273	-0.001024569240579972	-0.05019586671731732	-0.0098958554427064	0.04086501707838361	0.032297292266675534	-0.01563804809474127	-0.01869285277934256	-0.13293498400181483	0.007090245053687468	0.00769834050392044	0.07065286574939812	-0.043368602312433946	-0.006774532522034271	0.015890662839364966	0.08347690233736708	-0.016512053930721655	-0.003440093389786132	0.021225360993855056	0.0619295787981108	0.030011276025220645	0.04017085602022277	0.017954049107877117	0.010223519504680532	-0.02213153914306697	-0.007765689488404166	-0.05386607287958678	-0.04290309259486344	-0.014464396620266901	-0.005904018943344737	0.007081526606860076	0.0
SRR37250119	-0.028319336369545173	0.12478062922142608	0.042193257248687346	-0.11420861874359158	-0.03955953173524614	-0.07943370852010433	-0.05506521898489454	0.04573001557115725	0.06520764201463873	-0.01019600494924665	0.05967475444396105	0.18910347087553234	0.10688608208474182	0.0781122685187367	-0.008761608003778412	-0.07734030061832073	-0.019250766720564146	0.03161778391129077	-0.001173579006848442	-0.0007993893216813592	-0.0780769160302789	-0.03479993524607801	0.0018403626697398117	0.003745733889122268	-0.047280746132737465	0.001313805345111339	-0.030268937470723453	0.032897951781992806	0.026927999486975846	0.004073191842754138	0.029496721630597782	0.0162515542599994	0.005750364187568858	0.009541321989470691	-0.014737037384358762	-0.01757383837836542	-0.006680528743124722	-0.011813696359910406	0.005419274845778659	-0.009769540842871124	-0.008658350902204143	0.0
SRR37250120	-0.03727665362600272	0.0528677807907953	0.01780971867276783	0.0190732667443871	-0.09724317614626084	-0.052023846151424996	0.16844121814221477	0.028581008501042622	0.025032935307885775	-0.01106147652413689	-0.09412293637604392	0.059140738871535266	-0.0528238296618704	-0.03767608747509158	0.16537822245216577	0.056441423535746944	-0.037649281759858655	-0.006488233891772394	-0.01654025420664601	-0.02509749840359048	-0.0451383980698984	-0.003104794842511935	0.10622631713505014	-0.0402598294483122	0.021886658841465446	-0.015569971408608291	0.029063545152500345	-0.01586488134834245	0.015949211133402294	-0.028964023617427503	0.017783309497860694	0.00714436999082736	-0.0053903123900835015	-0.0018922726123478712	-0.015901162010768435	-0.01887010155338393	0.0051943994154570634	0.004296284038378518	-0.005142434347739035	0.0010279451573405002	-0.00482620293818607	0.0
SRR37250121	-0.09878670555336197	0.15201612363555272	0.21068112847979115	-0.03362424084385645	-0.18379819411552403	0.22997232281527494	-0.01118907508604129	0.03960294872788758	-0.05275592564249456	-0.1249970978540867	-0.06053270877093395	-0.04640109876918887	0.09343557957176735	-0.014613578863949863	-0.0088203184235186	-0.01937920366489779	-0.020270853179714592	0.009236503635779368	0.03598756712618471	0.023590725160462993	0.027711678670174673	-0.010965109577578047	0.017900547865388965	0.026272806166695976	-0.002794935870848105	0.022889478544775018	-0.007435671603675458	-0.009142459685975162	-0.004979446908604068	0.008749939509909922	-0.01702827979888202	-0.016902822642986662	0.008208343723117505	-0.016537755020768638	-0.002726097990847237	0.005613118392136072	-0.0022037674881114216	0.0008531308677854851	-0.005342257495022412	0.007113633433709518	0.0037506285485774107	0.0
SRR37250122	0.012449227981550308	0.11821612697198941	-0.057936210964637	-0.08028709539342085	-0.06412013717305756	-0.0766964696554869	0.07386419157823525	0.02437627269264769	0.035898804783856035	0.02829926213910342	0.01959858360825942	-0.09441411370564277	-0.07918139793819327	0.08470739038066577	0.05749054845305982	-0.037658119358272096	-0.013309907340858096	0.030268233331015502	0.13736228620293098	0.023806748667846708	0.01953845072778974	0.02284795673871115	-0.061615237561658265	0.02047800097666556	-0.026072751771523572	0.0067772602760547375	0.025216918926713586	0.004814713097229419	-0.05072869355935708	0.07820330434224056	0.01612233330697326	0.0024504008097989013	0.0007638430371596868	-0.015827734861108455	0.0011984437784841003	-0.042156572650741825	-0.008466831437282569	-0.0038243944941148537	-0.005814060939364635	0.0047662507783056435	-0.009814516448954282	0.0
SRR37250123	-0.05260807657289695	0.12190922727310952	-0.03754470004017939	0.06893278715078811	-0.16455096854097379	0.00023446759418691398	0.026108963483561218	0.149955031395894	-0.03722782156136607	0.05145081382263921	0.18200282501561732	-0.03796269939988955	-0.05265163065390613	-0.033513340661411276	-0.09390021944894617	0.07218547178743326	-0.01350400738996013	0.026514378567409107	-0.06807267136413009	-0.03593361635807432	-0.02471112195916285	0.02886454275582234	-0.004236124826740783	-0.024388097964086513	-0.019628350157246642	-0.02299153896511967	0.010326659165275908	0.009640861578002584	-0.017557275403375323	-0.024379295639248136	0.008538117224331914	-0.0011585582257898415	-0.02188542889042106	0.008330169017849502	0.005514985251963721	0.00013148037611172624	-0.007608390974232531	0.015666798920861497	-0.006331917314597763	-0.0033477414630849692	0.0035686136482377256	0.0
SRR37250124	-0.03993089115703512	-0.1884820096449151	0.08602950670258289	-0.15022780604379157	0.05836338675421864	0.053926392769257	-0.024222084325644593	0.09622507763899295	-0.01608856353536465	-0.00533673798089678	-0.052902197367158475	0.03915127546195372	-0.047920870682649545	-0.019656632649713474	-0.05983649705996482	-0.0027150893945670097	-0.012367956199386031	-0.048421812856096653	0.05727225789341398	-0.059802483251377624	-0.04279338150998606	0.01385478112992014	-0.0011921423855336662	-0.07159933599486305	0.015269363757485917	0.00016298248936520924	0.020347953721749443	-0.044138012625508954	-0.05884028928939961	0.0011064857774886131	0.025096549667825145	-0.019067793519454264	0.011219897384024216	0.010028698412683314	0.04079895663195601	0.0062962068758866925	-0.037431796279717634	-0.023604671369816133	0.007454883803818387	-0.05385238710422915	-0.0013949360408185446	0.0
SRR37250125	0.07449822557462392	-0.09597885848590064	-0.08553462061459785	-0.12439932027378175	0.04300914079121974	0.09626677258785374	0.03628363191615306	0.10756325687337953	-0.0028322211269340655	-0.031936602045675055	0.04287691770526679	0.04306242891583617	-0.0275201057336971	0.00614792232211817	0.026650470410563225	-0.018744836174608155	0.046829432604485265	-0.0722926298998394	-0.03630924131146895	0.030237990371625563	0.01499269992779702	0.04633366956063855	-0.02805099183751622	0.0773500083687706	0.0351281487072464	-0.05961463038335579	0.001593944928763964	-0.01929544724294706	0.04301731678377254	0.006703410703217063	-0.027740552016198405	-0.011427464238269765	0.0055071658181805585	-0.013432396395326684	-0.017755527998796195	-0.04436310211762172	0.07774495040183887	0.0027359937980511798	-0.01735777328336326	-0.021935855975085544	0.00633226130716443	0.0
SRR37250126	-0.029707411145200847	-0.14778343375555708	-0.001821284303174754	-0.11031700560637546	0.05812611140815058	0.03776182409876798	0.04181114458716174	0.07751541983944596	-0.004936502466347816	-0.014608988163016425	0.024337909489495595	0.021025451433326882	-0.020853174992843636	0.01857602641017151	0.003858153006657266	-0.015009504232347403	0.039553903385150684	-0.04777915131329723	0.015177663584560096	-0.03676032052984424	0.003121909198303588	0.004144090214671331	0.016774918293771028	0.0036585798870139388	0.00892240777546607	-0.029829967359737756	-0.01834330276848693	0.0286385345257006	0.016132497099146718	0.015619802666842915	-0.008663549764210118	0.0005926321268782655	-0.03052089406426128	-0.015661592372412304	-0.015771591598088063	0.04710380765209053	-0.056915680331751116	0.015514215906725953	-0.001813135493778908	0.09430521984579766	-0.017917731663651727	0.0
SRR37250127	0.14762960824187701	-0.1058940230739461	-0.15490214104789599	-0.10656173747738222	-0.03732440480189465	0.08539626209946179	-0.09186372589871335	-0.07042592387883706	0.023717291152141586	-7.324556338760105e-05	0.05134603959599806	0.017248526032225493	0.02211907720537937	0.007439848276838843	0.028776647884928605	0.027238653396124544	0.011644457773169744	0.05824026696797894	0.009511098530621364	-0.0010073361257367226	-0.021479930613369405	0.014855239438220704	0.05382620114588158	-0.004933392556925073	-0.0012254368547152227	0.07710121066527416	0.09370676762091071	-0.0020777036009460206	-0.02965690357286763	0.01857633635454603	0.01523282128787777	0.012358994481478912	-0.07024183422213806	-0.0012923695367922936	-0.010959790841854746	0.03830016380701631	0.04344556099734287	0.01117566923840131	0.026559956115361646	0.0030903491475528797	0.014242212943613134	0.0
SRR37250128	-0.05502344133594017	-0.11460000838221063	-0.10073756196734986	0.0728022510788397	-0.005631617296979442	-0.010101356253144305	0.02003918715452295	0.03804654360879321	0.00021275923954107296	0.027242075596682028	-0.0029820460002825118	-0.029838743333351396	0.030907621200770525	0.005613322246644366	0.004406725496219596	-0.023547926210625618	-0.029110301144843406	-0.018572533248160602	0.024416087120552026	0.04066957973110146	-0.023931595184267324	0.0008462278860129642	-0.00030194400980967673	0.013951274227544896	-0.0339497075224883	0.08467694110210712	0.013867532181615676	0.004263269694534717	0.03217057405738897	-0.04006081351335217	-0.02167155117836859	-0.021075911867066328	-0.005084484653938085	0.03747938381443623	0.0303011281648923	0.028686158464163614	0.015215102747938405	-0.03866882896506646	-0.08975709245365612	-0.001718652113774465	-0.048164888456234976	0.0
SRR37250129	-0.09481140694058741	-0.1264264775548288	0.054441799760504526	0.002641907998051588	0.005972605807623769	-0.09395927744275442	-0.03309058792855933	0.003696156429477166	0.057633515828019434	-0.03386895434308665	-0.02080568967429193	-0.03952297416240507	0.063231365854686	-0.010036007112171515	-0.03595331651418434	0.027349699072521376	-0.05817723462036347	0.07406194321413011	-0.03402493777065337	-0.030334317638785198	0.0691689042236007	0.00023667898480877165	0.013046258661922402	-9.975849240621573e-05	-0.008792688040058227	-0.0683778782932938	0.046515369122806745	-0.012188368716164048	0.02605518178623277	0.016053067608374303	-0.04358884109438785	-0.01327638784488928	-0.05591389275231862	-0.017889037819244728	0.006613748096752165	-0.04199953978723512	-0.004389089059784143	-0.08631330785505197	0.008672869978912034	0.011428293926119418	0.004871192557634346	0.0

Biplot	0	0

Site constraints	0	0
