Eigvals	42
1.1954311081900362	0.486846851480441	0.3561208056162581	0.31378708926690796	0.17831389418964078	0.14657520715842426	0.12487034004494547	0.1035952128802755	0.0691252829256714	0.057687439499929175	0.05582724014602573	0.04538351720227621	0.03702957637440102	0.02976845069575429	0.025254834589796285	0.02360214927677573	0.020203143064045637	0.018533818373463046	0.014838917341323643	0.014060662638227861	0.01116297979222182	0.008130171251008303	0.006683633323387776	0.004004351326525074	0.0017656559097026653	0.0012097633981334247	0.00026674069727232463	0.0	0.0	0.0	0.0	0.0	0.0	0.0	0.0	0.0	0.0	0.0	0.0	0.0	0.0	0.0

Proportion explained	42
0.3568367093666413	0.14532399839487337	0.10630221644934941	0.0936655835778536	0.05322677551307947	0.04375276353343088	0.03727385119381426	0.030923216417133487	0.02063392722863078	0.01721972595652878	0.01666445563466316	0.013546999761838372	0.011053344765879599	0.008885895570593955	0.00753857918610324	0.00704525189632764	0.0060306470531395	0.005532352901873959	0.00442942332549687	0.004197113955764738	0.003332154357112077	0.0024268596792579714	0.0019950674743121942	0.0011953006247834752	0.0005270490623637881	0.00036111490419196316	7.962221496220982e-05	0.0	0.0	0.0	0.0	0.0	0.0	0.0	0.0	0.0	0.0	0.0	0.0	0.0	0.0	0.0

Species	0	0

Site	42	42
SRR37250088	-0.14414033093382034	-0.11260233743044118	0.03874229907643433	0.11506340160477586	0.041454542040790715	-0.015788894561922635	0.08865057322357663	-0.09581385127785008	0.020688705950907053	-0.020896506111588775	0.07170803855327312	0.03233419631166627	0.029256000047913046	-0.021600242423857045	0.026298234800566478	0.018493228371570376	-0.017659022858130837	0.00033155972937728246	0.00042422285190470507	-0.0033386877352292498	0.019786809177323575	0.010118630257493582	-0.003248813169717598	0.0074405795972487	-0.0007523842327835463	-0.005044089916395752	-0.0015066461584369673	0.0	0.0	0.0	0.0	0.0	0.0	0.0	0.0	0.0	0.0	0.0	0.0	0.0	0.0	0.0
SRR37250089	-0.24837114813515265	-0.025998182170004325	0.06796691322427904	-0.14723341091605732	-0.01006993368597794	-0.031080356992968856	0.015655645583302742	0.035889058432916995	0.031375725652368354	-0.044123009245812216	0.03001189945986622	0.009706579498714845	0.01742599943901075	-0.044994518272251253	0.004864662916405171	-0.012387812776292575	-0.0053819114174157474	0.0477215746690988	-0.0073143083579309655	0.003970835424335032	0.007785777308803916	-0.02030421243000265	-0.006516744479231426	0.013373968979832642	0.005057896630150104	0.004774970886222674	0.0016786793006831693	0.0	0.0	0.0	0.0	0.0	0.0	0.0	0.0	0.0	0.0	0.0	0.0	0.0	0.0	0.0
SRR37250090	0.2730795730083854	-0.16522906563380887	0.05076842426007821	-0.11010151159928099	0.0984985980943889	-0.052914738558260545	-0.09720176124174552	0.012004673959389004	-0.043057937875870575	0.022140372949796358	0.02139282478042606	0.07366881359516464	-0.06856487363446379	-0.009522464370283503	0.005521828958795855	-0.002594396761015985	-0.029256838912161787	-0.008239465528334895	-0.0018770034340822805	0.012453534334220818	0.005442600747948212	0.010120742768618098	0.003063328174951795	-0.005611302179844709	0.0019778168575163234	0.002934742998384713	0.0002312975313980565	0.0	0.0	0.0	0.0	0.0	0.0	0.0	0.0	0.0	0.0	0.0	0.0	0.0	0.0	0.0
SRR37250091	-0.10717369140857885	-0.11085525848381637	-0.00603303013594675	-0.015200411770357058	-0.0044234893360164534	-0.06065124763454181	0.013723715986990665	-0.02118389298006831	-0.04799857398122852	-0.04014583465892975	0.0005880235569246812	-0.03237426173597779	-0.02016228298754478	0.019029066769098688	-0.03864578527584685	-0.029510021601593425	-0.017723129970705704	0.001555533731755547	-0.02483849964301477	-0.018526906705591338	-0.026556523130170085	0.006374642978308463	-0.007067539220716451	-0.0011528832015063834	-0.0029585263843923885	0.0024411033805141085	0.002872327565246929	0.0	0.0	0.0	0.0	0.0	0.0	0.0	0.0	0.0	0.0	0.0	0.0	0.0	0.0	0.0
SRR37250092	-0.08466031405276339	-0.12958789940039867	0.015922885897359466	-0.07153645407395881	-0.054190402525376456	-0.10358692005194249	0.034260653896588625	-0.034302559087582174	-0.07924333157024323	-0.010789017092216793	0.029337342102868827	0.01147124889579192	0.003844436025905311	-0.015334948405552317	-0.021992965084961298	0.027652634272261722	0.012766608964554184	-0.02360272151959366	0.04430853637551074	0.010349670595711931	-0.0031591933083410357	-0.0017087019566281302	0.016805898234676993	-0.0096114331908748	0.0005564885487294037	-0.0037114957320062143	-0.0009600722014617463	0.0	0.0	0.0	0.0	0.0	0.0	0.0	0.0	0.0	0.0	0.0	0.0	0.0	0.0	0.0
SRR37250093	-0.21914145353757605	-0.10095755912170018	-0.011728294227650763	-0.03601870269785138	-0.01911579175368804	0.050621755872063565	0.06202433218590833	0.01776347931068862	0.032251309527734286	0.09019823237310189	-0.05995112130030995	-0.009007858059045226	-0.057316963721220006	0.00161971380310976	0.017348899498343756	-0.018382859637366068	-0.009566405027707526	0.0006790249120355663	0.03255474353627835	8.834119675065323e-05	0.01215515607701278	-0.016274877050344767	0.01588367769578527	-0.00023516420341067242	-0.008091764174438689	-0.0033335330311507366	-0.003917929755832861	0.0	0.0	0.0	0.0	0.0	0.0	0.0	0.0	0.0	0.0	0.0	0.0	0.0	0.0	0.0
SRR37250094	-0.1909863335542342	-0.0801637490121916	-0.025196660154554264	-0.07933888253162119	-0.052746955768603894	0.07558877862487368	0.03897438601775535	0.04357084632531244	0.004765242201703945	0.01938100026686274	-0.03323769453837735	-0.021291933592610137	-0.028190272678537125	-0.01751977579631698	0.0008602669030249692	0.01217335207587786	-0.0458808840836089	-0.0010118720335822711	-0.03078285299942333	0.009322369621913792	0.03583233914574714	0.0347935641644241	-0.004114695794004389	-0.0020279171948403034	0.0027147397920374897	-0.00020608413526647094	0.003059563118265961	0.0	0.0	0.0	0.0	0.0	0.0	0.0	0.0	0.0	0.0	0.0	0.0	0.0	0.0	0.0
SRR37250095	-0.10443722738115176	-0.005235248024432904	-0.06901052639559829	0.10873364924773525	0.07224163678419317	0.010204408938191273	-0.009350011838223026	-0.018054779359092762	-0.010431399734477658	-0.010770931541137488	0.0346628411765988	0.00941460784540926	-0.0076404369609543495	0.021399960915578397	0.028840401968626445	0.028031817473187497	0.013101266003507545	0.037009132286351595	0.005333640515736241	-0.043140698033729344	0.0240819540049531	0.008138700216804457	0.015087780264268297	0.0030065976227333186	0.0067848432715629	0.010052283192903789	-0.004205823648717309	0.0	0.0	0.0	0.0	0.0	0.0	0.0	0.0	0.0	0.0	0.0	0.0	0.0	0.0	0.0
SRR37250096	0.15966819274437408	0.051136832179401404	-0.12683224122693892	-0.04952977375901865	0.05178421187500006	-0.037877320171904795	-0.07884156506487743	-0.0835289081848194	0.03560438623182459	0.05539764699495155	-0.010245056101868585	0.02283135274966552	0.009834556072250762	-0.0001843584783188189	0.03384111529681505	-0.009061275964922656	-0.0006561160147859187	-0.011774146264258434	0.0014269080111594288	0.0018758969229587222	-0.018155456277168965	0.012844981428423994	-0.010074378672288097	0.015479200380691237	-0.0004953330546990408	-0.006614386458398117	0.002394710177804368	0.0	0.0	0.0	0.0	0.0	0.0	0.0	0.0	0.0	0.0	0.0	0.0	0.0	0.0	0.0
SRR37250097	-0.05598526951225911	-0.13601943602655492	-0.06594649577065734	-0.09628626763054285	-0.05327256487626528	0.04189689652103342	-0.00733561781459422	0.022292272378120235	-0.0336670306111685	0.0036246506677055763	-0.07668566782040652	0.004971551050589838	0.0747163552603711	0.03412645032622025	0.016870724255943045	0.03340185207720893	0.015371663625107944	-0.02965448716329051	-0.004879364108989587	0.022113403667706387	0.0020871192816336766	-0.014731090550460865	-0.009196027810348579	0.008584007564476375	0.008032476504447631	-0.0005362624309523999	-0.0014658142456036361	0.0	0.0	0.0	0.0	0.0	0.0	0.0	0.0	0.0	0.0	0.0	0.0	0.0	0.0	0.0
SRR37250098	-0.20880264119447717	0.0724633897977021	-0.05974555578411659	-0.010839930584923402	0.001171212725673913	0.19830406808182494	0.0013321858675604246	0.008560055757962938	-0.02608649397282538	0.01139092763825469	0.03367709815451122	0.04180811636580018	-0.021593562264793607	-0.011351010053947022	-0.01032834840384777	0.0034392790844645867	0.03383742118011576	0.011909578670149619	0.02073030492990799	0.011723875743994545	-0.03862654978365474	0.010533655803022568	-0.00725912788831554	0.0018426107625240634	-0.011315829408077273	0.0012090872628349246	-0.0001682354477097868	0.0	0.0	0.0	0.0	0.0	0.0	0.0	0.0	0.0	0.0	0.0	0.0	0.0	0.0	0.0
SRR37250099	-0.1434929093271184	-0.1086860253509081	-0.09128617304183666	0.04433611357345337	-0.009209594968815736	0.10289722923063514	0.06001990888448193	-0.017529484567346734	-0.03496290365797221	0.05811616372802692	0.004352464751929194	0.05143537105438371	0.0005212390862547716	0.01973753462376363	-0.04657811440586201	-0.02114270376299186	0.005899101195188976	0.007382227800694533	-0.01706254170920448	0.0006127576824275715	-0.002416774200867249	-0.007868505132298476	0.0040504626115206695	-0.002188592530775104	0.010974490209123208	0.0055187032598197775	0.0023693886563445313	0.0	0.0	0.0	0.0	0.0	0.0	0.0	0.0	0.0	0.0	0.0	0.0	0.0	0.0	0.0
SRR37250100	0.07266658444166786	0.05656479843820965	-0.04196445163791616	0.11099964897827601	-0.01695489708773869	0.016553282300911205	0.007083517788858912	-0.03796607585611212	0.009433375921093633	-0.062759176240008	-0.03426664001882512	-0.03329164429331538	-0.019963735536385894	-0.03453203391650902	0.019626000643003644	-0.03819593831853145	0.012091506594643621	-0.010880852154114455	0.036341340403617785	0.026516944332267745	-0.014852336541087597	0.008721013430556347	-0.006507461130638638	-0.0037036236684330663	0.017423614726889008	0.010892075038704964	-0.0019290623491169997	0.0	0.0	0.0	0.0	0.0	0.0	0.0	0.0	0.0	0.0	0.0	0.0	0.0	0.0	0.0
SRR37250101	-0.01965431881658496	0.06302619193690955	-0.12426160046617522	0.06401535571188556	0.0666404947060501	-0.009135670129539595	-0.03472801832157518	-0.016185268601154015	0.011623638839908336	0.06156861906501919	0.007524238746899325	-0.003620717047050111	0.009592009989287978	-0.049216813261591094	-0.023513193093337624	0.019234391729967666	-0.015574746774920954	0.009498495254971383	-0.016788685721023863	-0.013564996913877487	-0.013693729892397215	-0.01260810620190152	-0.020531656179441464	-0.016727056672805912	0.014465499329017046	-0.013994246581927914	-0.0036337115181678398	0.0	0.0	0.0	0.0	0.0	0.0	0.0	0.0	0.0	0.0	0.0	0.0	0.0	0.0	0.0
SRR37250102	0.11066550401498956	-0.046314801779147374	0.04863729017494328	0.04375220754893893	-0.04080594564028511	0.04124265858118164	-0.00045807168138897687	-0.025519544183832798	0.037112732609080636	-0.0025497806755310883	0.015072109784153243	-0.09117983126743563	-0.016557844743750886	0.037678046429878195	0.020112679490181553	-0.016199366972132798	0.0025994369717965973	0.02261088890199909	-0.01666011433201874	0.025076634358029138	-0.012181172475089767	0.02620584617941248	0.011471093235531162	-0.01167272192803258	0.001322896234042867	-0.00612743434614641	-0.0011912667710323108	0.0	0.0	0.0	0.0	0.0	0.0	0.0	0.0	0.0	0.0	0.0	0.0	0.0	0.0	0.0
SRR37250103	0.0007087817874801732	0.12092242863637401	0.009460382130606813	-0.1281288548945034	-0.08583224011420743	0.04095517766798291	-0.03960608632141326	-0.029698725792336733	-0.07083540073662646	-0.01071740452558833	0.10014089007490744	-0.015188318740816449	0.005186564862962716	0.016581926441712743	0.010179209501771286	-0.0076693843397628225	0.01146342962091389	-0.022287459354628284	0.00622624989078778	0.0072087935727923255	0.016497144171749974	-0.003991651087304331	-0.0036810937341028105	-0.016020921256946766	0.0044879330606500045	-0.00295112690208406	0.0023419244358939112	0.0	0.0	0.0	0.0	0.0	0.0	0.0	0.0	0.0	0.0	0.0	0.0	0.0	0.0	0.0
SRR37250104	-0.03540006227625019	0.027703924892484952	-0.09884319200446441	0.12012184066094815	0.0455633271392985	-0.02249100297360388	-0.00476894560721236	-0.03860525573375859	0.06422870427333915	0.020783065761304537	0.04672798023485991	-0.017491520574254685	0.0005053483922626325	0.029185156489459387	0.0010480822030288159	0.03059496768493085	-0.017838451909049376	0.0009948944622121109	-0.004440517075297592	0.02076556701453114	-0.011472928460100893	-0.030229316856932666	0.015039555503028832	-0.005662704839920104	-0.008805346605778948	0.0048372715985512595	0.006822784854831712	0.0	0.0	0.0	0.0	0.0	0.0	0.0	0.0	0.0	0.0	0.0	0.0	0.0	0.0	0.0
SRR37250105	-0.0915005294859564	0.19557024450072796	-0.008661720651611061	0.025343017959809085	0.03208592153705879	0.016392299061131477	-0.05718383827582424	-0.009450673378499523	-0.03436244303711686	0.000964840838605031	0.037368055355916134	-0.02227490251726724	-0.004745180172436577	0.033292140818771056	-0.002987146918037549	-0.06587482395565514	-0.02967230824896627	-0.021292718648038063	-0.014139067603485793	0.002161607270838573	0.019981549444047942	-0.021742240412160642	0.006906445976629274	0.0047277101051339315	-0.0017845358462121408	-0.0013323144516888185	-0.004767761111373537	0.0	0.0	0.0	0.0	0.0	0.0	0.0	0.0	0.0	0.0	0.0	0.0	0.0	0.0	0.0
SRR37250106	-0.19581874729566454	-0.09103399689376625	-0.02831332065284996	0.059863288205361194	0.11452780534607455	-0.06441339375019468	-0.07305879195382706	0.022355850110818015	0.013074677159925732	-0.026026191674608685	-0.03927582711112833	0.0046178599952435145	-0.038367116244335704	-0.01651324687219479	0.014610834844840907	-0.01100819124312322	0.03692432927737842	0.009864325456349504	-0.0008082064919102749	0.015713073530006696	-0.0009388943170325174	-0.007680281247613256	-0.004852276860513901	-0.00917177872740738	-0.005674427208408039	-0.0009039471153726343	0.00019404902528658948	0.0	0.0	0.0	0.0	0.0	0.0	0.0	0.0	0.0	0.0	0.0	0.0	0.0	0.0	0.0
SRR37250107	0.0855964034834307	-0.0950142988197407	0.023154853739126957	0.1113022676450215	-0.0456973686703182	-0.03401494593953799	-0.02254723473334196	-0.002706684015252261	-0.0015120094630328347	-0.02598552905087521	-0.03371753193786113	0.04581547482119374	-0.008403457771372204	0.07241017753077351	-0.019766358527741494	-0.027687665936935398	0.025093402105867694	0.005339472991653849	-0.021100012684689282	-0.004441290875287124	0.007188004675726667	-0.009720838394267827	-0.008243212035648581	0.011812730900525205	0.0027168698196181843	-0.004509822150915911	-0.001232504986826025	0.0	0.0	0.0	0.0	0.0	0.0	0.0	0.0	0.0	0.0	0.0	0.0	0.0	0.0	0.0
SRR37250108	0.020203142116587778	0.03652068249254969	-0.09317151046483137	0.04312664188372268	-0.06136765739248824	-0.08591092743238522	-0.03134203679793689	0.08338558409152545	-0.04393865518402088	0.042080545632381526	0.0350498022425716	-0.024762694639854272	0.04606646700295365	-0.03175487394897338	-0.0371214787635889	-0.021672763451349674	-0.008710163144822926	0.04215912163234746	0.006566298605035014	0.0254648772186966	-0.0022226231570600173	0.006702625578336116	0.009650069931350048	0.015676914023121657	-0.0031621060762611927	0.002303287239507179	-0.0012299441914209105	0.0	0.0	0.0	0.0	0.0	0.0	0.0	0.0	0.0	0.0	0.0	0.0	0.0	0.0	0.0
SRR37250109	0.3320543562096117	0.13432478170352116	-0.20026274033688451	-0.06753241208730268	0.007662351492989686	-0.06896224085402514	0.18358234691218017	0.03281400875343897	0.01281598870910873	-0.009804038614119192	-0.006376874611757708	0.018601935504042415	0.0017485178834863925	0.029579817577587764	-3.655731052477609e-05	0.00794236964610088	0.007064283021390278	0.013895414584278787	-0.0002640332196068243	-0.0033883459408247094	-0.0011645491653806568	-0.0018650231544556806	0.002522583464582983	-0.00998621412612904	-0.0022705540892937353	8.36208277451136e-05	-0.0005089459373210811	0.0	0.0	0.0	0.0	0.0	0.0	0.0	0.0	0.0	0.0	0.0	0.0	0.0	0.0	0.0
SRR37250110	0.1670008095480277	0.004328194416635206	0.006735263357459947	0.056461943596409034	0.024780917090113885	0.04448579857644831	-0.015228726269110487	-0.026327873574032514	-0.03971960265779419	0.020093149045823103	-0.025805615807983403	-0.05346549340950601	-0.00602688218351759	-0.05110497046318602	-0.005108872992893215	0.007745317633312246	0.05074456962073013	-0.01195771333438137	-0.026492473857612144	-0.026478138950131184	0.02479187236749809	-0.013234314114409363	-0.013434425162382458	-0.004726364902411043	-0.004287227739649865	0.007178869006815653	0.0035889057093035754	0.0	0.0	0.0	0.0	0.0	0.0	0.0	0.0	0.0	0.0	0.0	0.0	0.0	0.0	0.0
SRR37250111	0.22539605183327385	0.11610076624074542	-0.09586998525444823	-0.05141778163767559	-0.16193374471673497	0.03952327083019623	-0.027058530788590048	0.005765943238717245	0.10151552451898012	-0.05570780254565562	0.018662202226781437	0.06514059534698395	-0.03899304053466193	-0.020955313587254477	-0.015458834952094472	0.0009510853875293568	0.0017353902287601905	-0.010418405586580831	-0.008579216973652756	-0.013974573023825272	-0.0012605405689892493	0.005479692877867562	0.004172033225346286	0.008661427841810078	0.002116820366937317	-0.0007049898106072993	-0.00028437563677965994	0.0	0.0	0.0	0.0	0.0	0.0	0.0	0.0	0.0	0.0	0.0	0.0	0.0	0.0	0.0
SRR37250112	-0.01915690940017926	0.27769030871350286	0.2081136644127017	-0.025226623741995614	-0.056380726319719174	-0.042456842010386284	-0.04341725363210012	-0.13536253305079382	0.005066920038266612	0.05646866491955311	-0.06611274625686143	0.018952393339746583	0.011208657248665864	0.014150595100107372	-0.038652926785241286	0.033304413110988695	0.002289262708060164	0.021958617108881428	0.0002904013259257324	0.005596871620200375	0.007745917202807382	0.013375657393780905	0.009973924578237694	-0.005680953050582778	2.9808769951032188e-05	0.006998132690921674	-0.0008185238540596467	0.0	0.0	0.0	0.0	0.0	0.0	0.0	0.0	0.0	0.0	0.0	0.0	0.0	0.0	0.0
SRR37250113	0.15452862224229502	0.24181434474623603	0.21628576691885398	-0.04995014082486026	0.14094156009743858	-0.00955116386587684	0.12179142111213459	0.05810488802810133	-0.03279660286233665	0.005642135418974924	-0.02191605434910001	0.029954791708630888	-0.0026539440533973587	-0.013128788106791986	0.002182616059244119	-0.02276792448552514	0.0035299547161066103	-0.000845016524030469	-0.005849014417687874	0.009180775322763436	-0.00259319512760427	-0.0011005255465619786	-0.008849853393725762	0.003074547343334182	-0.002117579198097453	-0.0019441781979504052	0.0003866000821949359	0.0	0.0	0.0	0.0	0.0	0.0	0.0	0.0	0.0	0.0	0.0	0.0	0.0	0.0	0.0
SRR37250114	0.12356434474001488	0.014720026744335321	-0.009245758981027575	0.07288788590832969	-0.06157579059479036	-0.0021976562900148035	-0.025677726888493856	0.05738358713326328	0.04416842769092966	0.03127901488488543	0.007733052832306963	0.007487399246930261	0.04517534641695283	-0.001397582118516201	0.006733518884016841	-0.03473554122181451	0.017672003460862444	0.00032228695530507655	0.038067894544018516	-0.009633884910507103	0.04164201525741203	0.008784778907564187	-0.017725807925026472	-0.010756589502934883	-0.00803715322439419	-0.004015021094171094	0.002668735183136985	0.0	0.0	0.0	0.0	0.0	0.0	0.0	0.0	0.0	0.0	0.0	0.0	0.0	0.0	0.0
SRR37250115	0.24412988041624456	-0.13991528463451886	0.1477418954274077	-0.06608585692506752	0.04797150301891578	0.02219187198691779	0.014232522762427167	-0.0041786086959149475	0.07813021283317309	0.03444804994908572	0.044309052818746704	-0.06556159455545495	-0.025502075466036923	0.006948854435205166	-0.05228348900971724	0.013122619751502253	0.006670332179775303	-0.02676660024334208	0.029369254795505312	-0.008747444813268335	0.0020546846928336166	-0.012081337242325855	-0.005775679027659826	0.022293919806932044	0.00609179793473179	0.0019348783605090008	-0.0001262836174184191	0.0	0.0	0.0	0.0	0.0	0.0	0.0	0.0	0.0	0.0	0.0	0.0	0.0	0.0	0.0
SRR37250116	0.442454112667795	-0.118040045504013	-0.00545138080815856	-0.16562739700908127	0.09549431632909047	0.11908583971337418	0.0010524608295213742	-0.022295956249022093	-0.017056166574452084	-0.04185034475144062	-0.0024569462591071322	-0.023918776834335524	0.035808596461566394	0.006834340181943751	0.013417562493177616	0.007467524703077961	-0.004316975835221632	0.031555795629596206	-0.005619992198059968	-0.0036353754390687815	-0.0013911645786160575	-0.007189026814108706	0.010604762842090389	-0.006708659208815382	-0.003501759646574107	-0.0004773565093759289	-0.0021793318185739574	0.0	0.0	0.0	0.0	0.0	0.0	0.0	0.0	0.0	0.0	0.0	0.0	0.0	0.0	0.0
SRR37250117	-0.09583712378947808	0.09708195575016369	-0.20968694278627437	-0.12554530963271704	-0.002663764370095668	-0.08793997453568489	-0.005077776525491728	0.007123088559355642	0.016288727570430435	-0.018250459115459538	-0.03413126079658988	-0.027819216908461963	-0.02282938027119346	-0.01440484128257832	0.00802211624771249	0.011561227382773464	-0.0024803066123424136	-0.03027452754344427	-0.011280401469934082	0.0069548293818360064	0.010452017122237594	-0.007438069861605233	0.008939253088677431	-0.0007401636076477596	-0.002404961002616931	0.006531938298317327	-0.0009794675500841522	0.0	0.0	0.0	0.0	0.0	0.0	0.0	0.0	0.0	0.0	0.0	0.0	0.0	0.0	0.0
SRR37250118	0.16738809782379735	-0.0758778651443677	0.08003746596917584	0.11751596507469521	0.02271281153150248	0.03399456003512701	-0.06386931331736101	0.06974323074112876	0.04391436773392184	-0.008607207076007862	-0.014937008048783432	0.030260091586717257	0.05762839190489076	-0.007637482629999472	-0.007369253538342554	0.011102123050838218	-0.0339943213534209	-0.003030086727961701	-0.0016871487454160896	0.034193434176331965	-0.0040582008148064	-0.0022706331563051596	0.0039026442324092314	-0.011887730214443532	-0.001369983832603055	0.007138220653622935	-0.0008179389834063903	0.0	0.0	0.0	0.0	0.0	0.0	0.0	0.0	0.0	0.0	0.0	0.0	0.0	0.0	0.0
SRR37250119	0.049807562198268374	0.05813400905875852	0.005713643084003293	0.04789314282446826	-0.015465463853585602	0.068108341353958	-0.049039200560348016	-0.028213560718815107	-0.05614959481418882	-0.03516452055659005	-0.05890080294162896	0.007271918560190903	0.022498911207117958	-0.02035286511954315	0.02848599517034047	-0.013549252140153976	-0.04469117556417033	-0.00535937953502096	0.02396302751055856	-0.03783721182423619	-0.007793822580916337	-0.010812567178744558	0.02284459950993408	0.010671273950059786	-0.001355493436152102	-0.0038828897706795723	0.004214401345276903	0.0	0.0	0.0	0.0	0.0	0.0	0.0	0.0	0.0	0.0	0.0	0.0	0.0	0.0	0.0
SRR37250120	0.03475282808506664	0.04703189804166761	-0.03689197888618734	0.11200312334914153	0.004269660430012906	0.025829339264764963	0.021778861650341708	-0.04528207621754141	-0.048387993342928405	-0.05603742899273674	-0.013231955567672014	-0.02668110486702654	-0.016730606614777842	-0.02331891833213484	-0.021908648053583134	0.03870107758965989	-0.004576464503322065	-0.009160394430650424	-0.012929678641595466	0.029576083443225303	0.010202330590400443	0.0053518868134500245	-0.007961562696699167	0.021069376341220258	-0.012160323460092486	-0.007132550663632824	-0.0025261699453410927	0.0	0.0	0.0	0.0	0.0	0.0	0.0	0.0	0.0	0.0	0.0	0.0	0.0	0.0	0.0
SRR37250121	0.11002099745334132	0.04063777910713529	0.0994212253806108	0.12846969102792263	-0.06484728486842684	-0.014660690883230352	-0.02835005254664596	0.14597115996265278	-0.032754444184782364	0.033350638981693215	0.03490101407547526	0.0017723317142299792	-0.019192721833335622	-0.004137666172928069	0.031508442977285035	0.03894735867945579	0.024890509806605263	-0.028966948945656434	-0.026858040066887065	-0.014149406933207098	-0.014567630961799511	0.004652663890883979	0.018527966992157353	0.00449670252329115	0.0010862738574234374	0.0002870050338400062	-0.0015057651249024528	0.0	0.0	0.0	0.0	0.0	0.0	0.0	0.0	0.0	0.0	0.0	0.0	0.0	0.0	0.0
SRR37250122	0.053722394010914026	-0.03416474183835319	0.09971104833865022	0.10853452536871822	-0.07409705423430647	-0.025814796439925937	0.03923338045215305	0.026074872776542326	-0.004938674286230003	-0.0428399789479818	-0.040506335333125365	-0.0045781658171834575	-0.032470267560592486	-0.010722132226908362	-0.013047402535671939	0.008386312908859562	-0.004445810863576428	0.024559256044052735	0.011278230690812862	-0.008499728644386886	-0.003984475435239475	-0.01484574933726434	0.010936119620075393	-0.009281424236496827	0.006738224124988478	-0.011532223335207781	0.003472739236975472	0.0	0.0	0.0	0.0	0.0	0.0	0.0	0.0	0.0	0.0	0.0	0.0	0.0	0.0	0.0
SRR37250123	0.029459839216349495	-0.013532067793403636	0.04138715696490533	0.027828386399675345	-0.10282474467328671	-0.035130174760668396	0.002208374404115423	0.010625732052581407	-0.035492224494690826	0.006864730930545608	0.0035069867814562445	-0.009988945927964961	-0.028357694902347127	0.03548501419155282	0.03332300652462934	0.028017211030696345	-0.04455369106655397	0.01786055184496369	0.01906777168707815	-0.014885230221011219	-0.015536308461002051	-0.009531544807742457	-0.04931746873451604	-0.0029149948850942164	-0.006292307669918756	0.007671259912286777	-0.0015651874693000721	0.0	0.0	0.0	0.0	0.0	0.0	0.0	0.0	0.0	0.0	0.0	0.0	0.0	0.0	0.0
SRR37250124	-0.2797621835470694	0.11921050657530223	0.07317956966911014	-0.16534017186197694	0.008717734418454887	-0.0097589642041609	-0.059126148923393344	0.05087245939209488	0.032284961496016715	0.0020834520019976815	0.0014570438790470202	-0.03223608090894833	0.00650401976234664	0.018571864408900407	0.026037549011283526	0.02045210083394287	0.014645269133330177	0.025439242152347424	-0.0015545216364996745	-0.009739731994818514	-0.01722860538987279	-0.00335636996182408	0.0012829304638972358	0.004820132445589817	0.005377074316847267	-0.005159776350564131	0.0007551928864828462	0.0	0.0	0.0	0.0	0.0	0.0	0.0	0.0	0.0	0.0	0.0	0.0	0.0	0.0	0.0
SRR37250125	-0.17836558812577083	-0.04144793678564392	0.07781416811316741	-0.022721833796230956	-0.013344498615335593	-0.0021096777250270374	0.03432341906221106	0.0022841431369366675	0.05606334341851217	-0.016441490414688096	-5.3514230008119616e-05	-0.0034196024678621686	0.04697221296321754	-0.023771922101161035	-0.021150490077024173	-0.017486574810947994	-0.01840080043920142	-0.04506500059189627	-0.015718251453910124	-0.03737349341318392	-0.02646303556634957	0.004105465386004774	0.0021468560769380743	-0.014411605926811568	-0.0083290669058364	0.003664375614522321	-0.0038814948347477814	0.0	0.0	0.0	0.0	0.0	0.0	0.0	0.0	0.0	0.0	0.0	0.0	0.0	0.0	0.0
SRR37250126	-0.30915914590642557	0.0630297784607968	0.09135934552222821	0.00260474123680673	0.07421905689394195	0.01767714461386571	-0.0014367687968329119	0.013184765547808097	0.04219513240541581	-0.06583392907461762	0.008604323444207503	0.031114083408651714	-0.0003177524198487316	0.029282118563599573	-0.0012759231283443727	0.013332687671114573	0.009695555904619345	-0.02211710660379231	0.0007822376584550322	0.018382820715407883	0.014754931619072896	-0.001122855931759485	-0.004837311714342122	-0.006263091781145407	0.0013780096739682906	-0.0026722341062872168	0.0010721876224871261	0.0	0.0	0.0	0.0	0.0	0.0	0.0	0.0	0.0	0.0	0.0	0.0	0.0	0.0	0.0
SRR37250127	0.007900389670814531	-0.12346615613239567	0.09999936815718558	-0.002286483889963572	-0.07293898305850424	-0.06382819323493523	0.07587418142456663	-0.07542482735751795	0.004346503480118402	0.04960275227362733	0.012162556639516557	0.014514504108120297	0.018897787836107478	-0.021243576292846282	0.06255161053307734	-0.035516139637930336	0.023895249190294225	-0.006274426465087397	-0.026583025052020516	0.010856016821125374	-0.015396548927251699	0.0012665979704794131	0.0044050712056887655	0.0058464637191347904	-0.00021023482665789004	0.001827719506162212	0.0010581890612828572	0.0	0.0	0.0	0.0	0.0	0.0	0.0	0.0	0.0	0.0	0.0	0.0	0.0	0.0	0.0
SRR37250128	-0.029325334484061272	-0.13517644062024325	-0.02560482972561235	-0.08047521206521158	-0.00037817805770017034	-0.05183505836242201	-0.06966708701463571	-0.012103936081805789	0.00917685291725906	-0.02839754239389019	-0.016845363993368657	0.005186758454309309	0.018471794879081294	0.005910547159741718	-0.027363024313842334	-0.009593149944684843	0.029487172277048435	0.018372213245274355	0.003122821874076278	-0.021231575873324422	0.0014211074768025256	0.018366812748825623	0.0015287488493970919	-0.004010139990073814	-0.010080844835844448	-0.0022669205905762884	-0.001285003994803588	0.0	0.0	0.0	0.0	0.0	0.0	0.0	0.0	0.0	0.0	0.0	0.0	0.0	0.0	0.0
SRR37250129	-0.10359720554815767	0.05130555416669096	-0.06814424042454788	0.04556658612410372	0.12939941363127783	-0.033441869891320086	0.028568676870288134	0.0539653752737946	-0.012733978138031295	0.008219468977286494	-0.010295824648480245	-0.02017931099780689	0.02271687981289807	0.032877018466636536	-0.0076965460116122	0.0009808348134066384	-0.006088193186574314	-0.02203987886601114	0.024253086687584132	-0.017572291722565872	-0.008189071243212966	0.03576987963276233	-0.0005506701478602022	0.008275867119728615	0.006124168830150436	0.0007733389191747312	0.003505585359551857	0.0	0.0	0.0	0.0	0.0	0.0	0.0	0.0	0.0	0.0	0.0	0.0	0.0	0.0	0.0

Biplot	0	0

Site constraints	0	0
